22222
22694
12696
6444
6219
23595
24008
23598
15287
9794
7111
18208
11511
22605
20537
17985
25279
15963
7333
810
8415
5229
12705
26107
24575
21960
20495
19631
15548
23112
14512
26527
21983
24698
19731
17713
23880
24072
21055
15137
21082
11105
6487
24073
18879
14223
6258
25140
19849
15118
1749
25139
19848
18973
25134
20718
26091
23037
24033
23113
15549
14513
24699
19732
19197
23038
18633
15552
11683
10452
8585
7422
18638
17467
23041
19974
18634
15551
14561
11682
10541
18639
17465
24070
23040
19973
18635
15550
14562
18640
17466
22248
23761
23039
19972
4784
12741
8999
23749
23751
23798
23752
23799
23801
17304
12917
22550
20226
17303
17130
26182
23916
23917
23612
18636
21239
15620
23042
23756
23776
7194
817
596
9270
6785
6084
5125
23857
23867
23859
12493
11921
15596
15348
15047
6323
6174
12973
22109
20359
17746
23976
6709
572
23753
26179
23636
23639
10473
22160
23560
23599
23772
23773
22581
16139
6524
645
6480
7492
6586
17045
16734
14821
18960
17331
16653
24932
21696
14534
22916
19532
16763
23762
23763
24314
15284
24708
24268
10730
4071
18749
16041
11818
24065
24112
20260
18949
19166
16093
18099
12496
10753
5775
23854
23855
24202
22077
22751
19066
10385
10225
9876
11688
6321
5376
23192
9584
7662
8691
4043
1795
17011
17309
16430
19218
18691
17308
11843
12218
24113
20261
18794
18156
19044
15908
23918
11836
10603
17538
14518
23652
23682
23825
23826
23615
23616
15333
10752
8759
23492
9679
20553
14892
5189
20552
15795
10589
10322
7724
23823
23934
23935
23951
9643
10083
13641
23524
23703
23771
23723
23721
23722
1444
23802
23830
23849
23852
23850
23851
24237
22107
21709
19519
23900
20741
16118
16527
12270
23757
24619
22162
20006
17682
15106
13353
18531
17792
21611
11865
9503
9889
5883
23611
23972
23977
23645
23653
12442
13949
10087
1193
538
424
23684
23698
19304
16820
19748
25919
23699
9020
24354
18501
26526
14954
24642
15808
15349
21767
16852
16470
21719
16853
16471
23874
24074
18612
12129
10652
23729
25144
24450
18146
14058
7200
5712
4670
2185
24175
17322
12777
11963
23871
25734
17610
13921
21994
16514
12412
22607
17129
13204
23869
26296
25561
21318
16515
26061
22007
17603
25747
23558
23898
17096
12695
9341
23093
18857
15032
22481
17689
16912
12668
9066
7239
6612
4846
4333
4179
22944
17971
15780
22176
19588
15105
25733
21997
16913
12626
8932
26062
22496
22357
20002
25708
21344
24135
23795
15675
15135
9224
19909
15858
15678
23415
23829
23831
17784
21337
16151
9713
18454
23601
23982
24064
18528
17381
13987
1441
286
23715
22392
24115
21059
17983
20913
15504
15112
20915
20223
20912
15503
10139
7199
7085
5489
497
23780
23600
15289
9107
7037
4537
4392
23791
18209
11477
18107
13792
13160
23973
23974
23975
23777
11841
10289
12903
7721
7114
4880
20914
16642
21131
4777
4225
17915
9271
8859
18106
23978
23897
11760
6132
5799
26166
23888
21740
16474
26139
24010
24764
17003
11864
5538
24765
17004
11866
7294
22345
15126
11186
22346
14977
19478
24868
23597
15286
9090
7035
4359
4147
19886
23941
24164
23593
8476
18210
11478
22008
23920
24114
20536
19464
16094
23266
6442
24009
23602
15288
9215
18211
11512
23614
23846
23848
24075
23984
23985
21093
14781
21369
13775
13004
12724
21406
15334
12725
7798
7024
6069
21888
19200
15784
14159
23591
23590
23589
23588
6800
5288
14822
7763
24330
17074
10430
22168
18959
22775
22749
8754
5718
5353
26236
23779
16324
23766
23767
23986
24709
23411
23936
23937
23765
23873
6934
24745
22179
8658
21095
20333
23587
23586
23685
23686
23687
23688
23689
23690
23691
23692
23693
23694
23695
23696
23619
23622
23618
23617
23626
23627
23628
23629
23630
23631
23621
23620
24607
23419
20820
23979
15249
